Mobile 1 2500 10
1
Extraction 1 2500 100
1
Yolo 3 80 390
LeNet 7 260 120
RNN 5 200 156
RNN 1 40 780
Yolo 6 200 156
LeNet 2 60 520
Yolo 4 160 195
Yolo 8 260 120
1
Darknet 5 200 36
Darknet 6 200 36
RNN 8 300 24
RNN 2 120 60
LeNet 3 160 45
Yolo 4 180 40
RNN 1 80 90
RNN 7 200 36
1
LeNet 4 240 385
Yolo 6 300 308
Yolo 1 140 660
Darknet 2 220 420
LeNet 3 220 420
Darknet 7 300 308
Yolo 8 300 308
LeNet 5 240 385
1
Yolo 3 140 468
Darknet 4 140 468
RNN 1 60 1092
RNN 2 80 819
LeNet 5 140 468
RNN 7 260 252
RNN 6 180 364
LeNet 8 280 234
1
LeNet 8 300 546
RNN 2 60 2730
LeNet 3 120 1365
RNN 5 180 910
Darknet 4 140 1170
LeNet 6 200 819
RNN 7 260 630
RNN 1 40 4095
1
Yolo 2 100 126
LeNet 3 100 126
RNN 8 200 63
Yolo 4 120 105
Darknet 7 180 70
RNN 6 140 90
RNN 1 60 210
RNN 5 120 105
1
Darknet 4 140 36
RNN 6 180 28
LeNet 8 280 18
RNN 3 60 84
RNN 1 40 126
RNN 2 40 126
RNN 7 240 21
Yolo 5 140 36
1
LeNet 7 260 1260
Yolo 4 180 1820
Yolo 2 120 2730
RNN 3 140 2340
RNN 8 280 1170
Darknet 5 180 1820
Darknet 6 240 1365
RNN 1 100 3276
1
Yolo 8 300 12
LeNet 1 80 45
Yolo 7 240 15
LeNet 5 180 20
RNN 6 200 18
LeNet 2 80 45
LeNet 3 100 36
RNN 4 100 36
1
RNN 2 60 910
RNN 4 120 455
Yolo 3 100 546
LeNet 7 260 210
RNN 8 280 195
RNN 1 40 1365
RNN 6 200 273
Darknet 5 120 455
1
RNN 6 260 420
RNN 3 200 546
Darknet 5 240 455
RNN 4 200 546
LeNet 1 60 1820
RNN 2 120 910
Darknet 7 280 390
LeNet 8 280 390
1
Yolo 5 180 154
RNN 1 20 1386
LeNet 6 180 154
Yolo 2 120 231
LeNet 3 140 198
Yolo 8 280 99
LeNet 7 220 126
LeNet 4 140 198
1
RNN 3 180 1820
Darknet 5 240 1365
RNN 7 260 1260
Darknet 2 120 2730
Yolo 1 100 3276
RNN 8 280 1170
RNN 6 240 1365
RNN 4 180 1820
1
Darknet 7 280 390
LeNet 4 200 546
Yolo 1 80 1365
Yolo 6 260 420
RNN 5 240 455
Yolo 3 100 1092
Yolo 8 300 364
Yolo 2 80 1365
1
RNN 5 200 1638
Darknet 6 260 1260
LeNet 8 280 1170
Yolo 4 180 1820
LeNet 2 80 4095
LeNet 7 260 1260
Yolo 3 100 3276
RNN 1 40 8190
1
Yolo 3 80 462
RNN 1 40 924
RNN 4 80 462
Yolo 5 140 264
RNN 6 160 231
Darknet 8 220 168
LeNet 7 160 231
RNN 2 60 616
1
Yolo 8 260 792
Darknet 3 160 1287
RNN 1 40 5148
RNN 7 220 936
Yolo 6 180 1144
LeNet 2 120 1716
RNN 4 160 1287
LeNet 5 160 1287
1
RNN 4 180 728
Yolo 7 260 504
LeNet 2 140 936
Darknet 5 240 546
RNN 6 240 546
Darknet 8 280 468
RNN 3 160 819
LeNet 1 80 1638
1
Yolo 5 280 180
RNN 6 280 180
Yolo 3 180 280
RNN 1 40 1260
RNN 7 300 168
LeNet 2 160 315
Darknet 8 300 168
Darknet 4 180 280
1
